Epoch 67: 100%|██████████████████████████████████████████████████████| 2/2 [00:19<00:00,  0.10it/s, v_num=69, train_loss=0.0274, train_oa=0.996, train_kappa=0.995, val_loss=0.172, val_oa=0.952, val_kappa=0.944]

┏━━━━━━━━━━━━━━━━━━━━━━━━━━━┳━━━━━━━━━━━━━━━━━━━━━━━━━━━┓
┃        Test metric        ┃       DataLoader 0        ┃
┡━━━━━━━━━━━━━━━━━━━━━━━━━━━╇━━━━━━━━━━━━━━━━━━━━━━━━━━━┩
│        test_kappa         │    0.9255971908569336     │
│         test_loss         │    0.2398568093776703     │
│          test_oa          │    0.9367082118988037     │
└───────────────────────────┴───────────────────────────┘
tensor([[    0.98,     0.00,     0.02,     0.00,     0.00,     0.00,     0.00,     0.00,     0.00,     0.00,     0.00,     0.00,     0.00],
        [    0.00,     0.98,     0.00,     0.00,     0.02,     0.00,     0.00,     0.00,     0.00,     0.00,     0.00,     0.00,     0.00],
        [    0.00,     0.00,     0.99,     0.00,     0.00,     0.00,     0.00,     0.00,     0.00,     0.00,     0.00,     0.00,     0.00],
        [    0.00,     0.01,     0.01,     0.96,     0.01,     0.00,     0.00,     0.00,     0.00,     0.01,     0.00,     0.00,     0.00],
        [    0.00,     0.00,     0.00,     0.00,     1.00,     0.00,     0.00,     0.00,     0.00,     0.00,     0.00,     0.00,     0.00],
        [    0.00,     0.00,     0.00,     0.00,     0.00,     0.89,     0.01,     0.03,     0.01,     0.01,     0.00,     0.00,     0.02],
        [    0.00,     0.00,     0.00,     0.00,     0.00,     0.01,     0.92,     0.00,     0.01,     0.01,     0.00,     0.02,     0.01],
        [    0.00,     0.00,     0.00,     0.00,     0.00,     0.05,     0.00,     0.90,     0.03,     0.01,     0.00,     0.00,     0.01],
        [    0.00,     0.00,     0.00,     0.00,     0.00,     0.03,     0.00,     0.00,     0.94,     0.01,     0.00,     0.00,     0.01],
        [    0.00,     0.00,     0.02,     0.00,     0.00,     0.01,     0.00,     0.00,     0.00,     0.90,     0.00,     0.06,     0.00],
        [    0.00,     0.00,     0.00,     0.00,     0.00,     0.00,     0.00,     0.00,     0.00,     0.00,     1.00,     0.00,     0.00],
        [    0.00,     0.00,     0.00,     0.00,     0.00,     0.00,     0.00,     0.00,     0.00,     0.02,     0.00,     0.97,     0.00],
        [    0.00,     0.00,     0.00,     0.00,     0.00,     0.03,     0.00,     0.00,     0.01,     0.00,     0.00,     0.00,     0.95]])