Epoch 386: 100%|██████████████████████████████████████████████████████| 2/2 [00:01<00:00,  1.08it/s, v_num=80, train_loss=0.144, train_oa=1.000, train_kappa=1.000, val_loss=0.435, val_oa=0.922, val_kappa=0.912]

┏━━━━━━━━━━━━━━━━━━━━━━━━━━━┳━━━━━━━━━━━━━━━━━━━━━━━━━━━┓
┃        Test metric        ┃       DataLoader 0        ┃
┡━━━━━━━━━━━━━━━━━━━━━━━━━━━╇━━━━━━━━━━━━━━━━━━━━━━━━━━━┩
│        test_kappa         │    0.8492017984390259     │
│         test_loss         │    0.5990695357322693     │
│          test_oa          │    0.8700422048568726     │
└───────────────────────────┴───────────────────────────┘
tensor([[    0.98,     0.00,     0.02,     0.00,     0.00,     0.00,     0.00,     0.00,     0.00,     0.00,     0.00,     0.00,     0.00],
        [    0.00,     0.96,     0.01,     0.00,     0.02,     0.00,     0.00,     0.00,     0.00,     0.01,     0.00,     0.00,     0.00],
        [    0.00,     0.00,     0.99,     0.00,     0.00,     0.00,     0.00,     0.00,     0.00,     0.00,     0.00,     0.00,     0.00],
        [    0.00,     0.00,     0.01,     0.94,     0.00,     0.00,     0.00,     0.00,     0.00,     0.03,     0.00,     0.00,     0.00],
        [    0.00,     0.00,     0.00,     0.00,     0.99,     0.00,     0.00,     0.00,     0.00,     0.00,     0.00,     0.00,     0.00],
        [    0.00,     0.00,     0.00,     0.00,     0.00,     0.90,     0.01,     0.02,     0.01,     0.04,     0.00,     0.00,     0.02],
        [    0.00,     0.00,     0.01,     0.00,     0.00,     0.02,     0.86,     0.00,     0.00,     0.06,     0.02,     0.01,     0.01],
        [    0.00,     0.00,     0.00,     0.00,     0.00,     0.09,     0.00,     0.84,     0.00,     0.04,     0.01,     0.00,     0.01],
        [    0.00,     0.00,     0.01,     0.00,     0.00,     0.08,     0.01,     0.01,     0.84,     0.02,     0.01,     0.00,     0.02],
        [    0.00,     0.00,     0.02,     0.00,     0.00,     0.01,     0.01,     0.00,     0.00,     0.89,     0.01,     0.05,     0.01],
        [    0.00,     0.00,     0.00,     0.00,     0.00,     0.00,     0.00,     0.00,     0.00,     0.00,     1.00,     0.00,     0.00],
        [    0.00,     0.00,     0.01,     0.00,     0.00,     0.00,     0.00,     0.00,     0.00,     0.20,     0.00,     0.78,     0.00],
        [    0.00,     0.00,     0.00,     0.00,     0.00,     0.05,     0.00,     0.00,     0.00,     0.03,     0.00,     0.00,     0.90]])